146|U|34|17
175|F|20|47
909|S|19
702|S|40
698|F|10|50
719|B
49|S|15
364|B
808|B
914|F|35|15
53|U|42|49
720|S|3
459|U|35|30
119|S|2
642|S|15
530|B
952|P|9|33
976|B
849|B
201|B
181|U|23|2
14|P|26|38
411|F|49|31
641|S|12
531|P|32|3
188|U|17|28
102|U|36|28
898|F|23|18
195|F|48|45
196|F|9|35
884|S|24
824|U|8|29
336|S|29
764|U|27|28
130|B
39|B
593|F|9|20
294|P|10|3
353|P|35|49
272|U|27|47
503|U|14|48
453|F|28|38
1|B
236|U|34|41
618|B
595|P|34|2
611|S|36
729|U|8|45
407|U|5|20
251|P|26|24
790|U|3|20
4|U|19|16
207|P|13|3
33|U|15|13
477|P|32|34
73|B
782|S|29
273|U|34|18
733|S|39
425|B
509|F|27|8
351|B
346|B
271|B
609|F|9|15
869|F|12|38
472|U|19|41
766|U|49|21
539|U|35|14
261|F|30|29
761|U|3|46
370|F|41|48
63|B
896|P|10|5
801|S|1
507|B
947|U|49|9
735|P|12|33
452|S|6
819|P|1|19
476|S|47
61|P|46|31
355|P|37|15
513|B
757|U|37|15
601|S|37
560|P|35|47
583|F|26|21
254|F|33|31
512|U|23|41
907|F|4|32
677|S|3
894|P|44|8
679|U|13|4
753|S|9
255|P|7|31
889|B
16|U|45|26
730|U|43|48
321|U|28|18
277|S|49
988|P|46|4
547|F|45|27
656|F|17|38
69|B
508|P|46|20
160|B
799|U|10|25
474|B
574|F|19|47
234|P|8|17
769|U|46|45
706|B
700|P|46|27
384|F|12|7
328|S|16
922|U|17|38
460|F|2|42
52|P|14|15
478|U|50|44
65|U|46|20
214|B
132|S|2
554|P|21|9
784|B
362|P|19|14
60|P|35|42
891|S|19
28|S|12
623|U|30|39
660|U|41|40
966|S|11
817|S|25
450|P|2|31
38|B
244|S|49
264|U|40|25
871|F|18|20
859|S|15
687|S|41
532|F|37|38
94|F|38|31
23|S|16
25|S|38
137|B
416|F|29|16
212|U|29|14
788|U|45|39
646|B
566|P|31|16
449|B
194|U|13|48
853|S|50
147|F|43|21
987|P|20|38
241|U|28|5
111|F|44|19
816|U|31|10
749|B
394|P|23|40
258|P|35|7
723|P|15|1
128|B
239|U|8|34
133|F|35|1
855|F|6|2
684|F|42|3
780|F|32|29
659|F|46|50
627|S|36
912|F|47|41
348|P|4|47
242|U|31|8
982|B
631|U|7|47
57|P|5|13
143|B
860|P|45|23
904|B
830|F|23|26
887|P|31|15
767|F|44|22
471|F|33|27
66|U|10|1
578|P|27|9
106|U|34|42
995|B
893|F|49|17
669|U|3|37
198|B
323|S|2
231|F|36|5
319|B
568|P|49|20
64|P|11|49
226|S|12
432|U|26|44
953|B
518|U|27|42
172|B
938|P|30|26
67|F|8|5
762|P|3|44
313|P|24|20
586|U|27|36
722|B
529|U|17|45
290|U|10|20
148|U|29|44
970|P|6|9
599|U|38|40
223|S|39
822|F|27|45
434|U|2|37
89|S|36
724|F|43|27
112|P|2|27
770|U|15|10
420|P|46|35
352|S|50
932|S|26
645|U|22|27
911|F|41|39
335|U|41|50
685|U|8|10
199|B
345|P|10|37
93|S|26
169|F|34|22
278|P|34|23
994|B
812|B
625|U|22|18
482|F|28|11
591|B
349|F|23|46
610|P|49|26
311|S|13
191|U|39|22
703|F|7|37
675|U|42|14
866|F|14|39
269|U|41|27
934|P|29|6
721|P|41|38
144|F|8|1
451|P|48|34
514|S|12
718|F|1|5
772|B
538|F|15|21
851|U|28|7
878|S|1
695|P|41|26
541|S|42
918|F|5|6
373|B
600|P|47|1
505|U|7|16
388|P|19|47
252|F|26|42
775|P|42|24
285|F|9|35
910|F|35|44
561|U|19|31
523|P|46|1
564|S|16
622|S|22
131|U|7|24
96|S|14
694|P|11|28
635|U|40|47
589|U|43|5
439|S|49
281|B
854|S|19
742|P|44|21
481|P|24|26
977|F|50|26
594|F|3|33
356|P|31|43
961|F|48|17
358|P|40|8
305|F|24|20
683|B
44|S|46
581|F|35|49
274|F|4|38
971|F|11|39
108|S|1
15|F|38|17
626|B
45|S|3
129|S|21
376|F|17|30
164|P|42|41
939|S|1
103|F|32|42
161|B
268|B
371|B
536|F|48|42
843|U|19|8
925|S|38
655|F|9|23
737|B
804|S|38
704|P|31|27
983|U|33|18
823|P|34|17
332|S|29
200|U|5|35
325|U|6|39
22|U|16|27
923|U|43|28
504|F|19|43
637|P|14|3
967|P|8|24
292|F|10|43
648|F|5|10
213|P|22|6
783|S|44
493|F|42|33
186|P|35|40
999|F|45|18
227|B
174|S|11
658|S|22
423|S|11
442|U|1|37
250|P|43|29
649|U|38|4
391|B
368|S|20
565|S|45
779|S|30
895|P|44|28
464|S|43
883|P|43|42
98|U|3|29
521|P|4|24
375|U|15|23
372|S|42
208|F|31|27
410|B
945|S|16
337|P|48|39
3|P|26|46
35|S|35
300|F|37|6
829|U|14|48
526|U|39|22
575|P|27|40
205|S|6
18|F|20|44
456|B
243|U|24|28
435|B
279|U|14|36
768|F|17|9
899|S|48
312|B
6|F|1|22
534|F|50|44
339|P|32|36
838|B
51|F|2|7
350|F|12|15
856|B
427|S|1
158|S|37
246|P|18|31
340|U|45|29
810|B
495|F|28|40
621|F|43|31
440|P|25|29
2|F|48|1
557|S|9
696|B
990|S|5
944|B
567|F|43|32
688|P|43|20
846|U|13|10
446|B
485|B
455|S|22
465|U|12|38
408|B
672|S|37
596|B
946|P|17|40
190|U|28|13
933|F|26|25
941|S|13
661|S|19
401|B
367|F|11|8
95|F|31|25
267|F|17|39
484|U|18|28
965|B
76|U|6|2
546|U|27|21
444|U|40|25
848|B
219|U|4|33
919|B
756|U|11|44
109|F|7|12
954|B
818|F|30|42
544|S|1
366|P|26|48
619|U|23|6
55|B
36|S|20
741|U|38|8
936|P|8|22
863|P|43|6
795|U|27|29
221|B
118|S|30
868|F|6|1
263|P|16|44
184|B
217|S|48
880|S|43
71|U|15|50
88|F|38|9
743|F|43|9
276|P|20|8
173|F|14|8
916|U|16|19
974|U|19|8
127|B
289|P|31|17
433|B
165|S|23
738|S|41
943|U|9|3
283|B
697|F|23|10
882|B
739|S|18
750|S|18
379|B
400|S|46
62|P|33|38
906|U|15|12
480|B
997|F|40|36
550|P|26|5
890|U|30|39
462|P|35|4
141|S|28
125|B
931|F|37|16
873|B
811|U|49|9
385|P|30|39
483|B
75|F|2|22
716|S|43
552|P|47|11
153|S|49
962|U|27|1
765|S|13
585|B
100|S|4
120|U|42|33
180|S|40
793|U|36|39
431|S|43
785|S|18
233|P|48|22
286|B
415|S|9
636|S|34
149|B
333|F|27|26
68|S|3
467|P|31|24
1000|B
973|F|13|23
746|S|32
888|U|50|15
326|P|47|20
876|U|43|21
126|B
329|B
960|B
792|U|48|6
942|P|29|32
377|B
9|F|32|16
419|F|23|15
652|U|23|2
620|F|34|30
417|P|14|33
46|U|11|34
935|S|32
248|U|44|24
170|S|45
676|S|29
40|F|42|12
607|P|44|21
597|P|7|10
215|P|33|5
632|F|12|50
809|F|48|44
857|F|1|40
275|F|43|29
203|P|37|14
235|F|11|24
297|P|48|32
752|S|22
989|U|37|3
185|S|24
540|U|32|48
43|B
592|P|9|19
178|S|29
82|B
707|B
380|B
969|F|18|25
515|F|36|37
820|P|22|5
715|S|9
760|P|33|16
107|S|41
369|B
837|U|24|46
162|F|10|15
113|B
448|B
32|U|24|6
225|S|35
8|F|26|23
296|U|39|46
852|U|22|33
555|U|47|38
744|F|46|45
202|P|2|32
222|P|45|8
473|S|23
522|F|47|1
318|U|43|11
667|B
725|F|42|21
405|S|8
981|P|23|30
803|F|42|33
5|P|41|38
928|P|34|48
787|F|32|28
34|B
663|F|8|5
497|P|13|28
257|U|7|2
19|U|17|43
617|B
517|F|47|37
666|U|16|23
927|U|24|48
628|U|41|6
287|U|6|31
56|U|12|13
903|U|32|11
908|U|45|13
551|S|42
110|S|1
347|F|4|46
559|U|41|10
728|B
956|S|38
570|U|37|24
605|S|3
670|S|1
844|B
90|U|50|6
154|F|42|49
117|S|26
490|F|10|2
985|F|41|3
980|U|33|32
298|F|10|39
604|U|2|8
958|U|22|48
399|F|21|4
210|U|19|12
151|U|27|41
545|F|10|3
470|P|24|41
590|P|42|48
193|P|30|2
163|B
302|U|29|8
192|B
406|U|20|45
519|B
588|U|31|25
359|P|9|46
892|P|23|22
500|U|46|5
206|S|19
211|P|4|24
861|F|24|35
558|U|17|12
330|P|22|35
266|P|11|21
915|F|8|40
740|S|27
393|U|23|20
736|S|21
157|F|45|34
786|U|4|15
681|P|13|11
167|B
615|U|42|22
528|S|18
535|B
875|S|3
680|F|49|41
832|B
122|B
773|F|41|33
270|U|46|10
422|P|21|39
571|S|34
577|F|14|10
331|B
315|U|1|39
886|F|8|40
992|F|35|33
121|P|5|36
135|B
361|B
674|B
224|U|47|34
972|U|7|48
747|F|1|20
802|S|3
712|F|9|23
494|U|28|1
511|S|18
651|S|38
414|B
580|B
84|S|36
731|S|37
496|S|2
686|F|33|28
145|U|41|20
758|S|33
654|P|27|32
845|P|29|9
549|U|15|32
245|B
72|F|24|18
317|P|27|10
418|F|1|30
324|S|25
156|U|27|44
603|U|1|16
381|F|1|2
774|S|21
240|S|32
30|B
314|B
101|S|36
179|U|21|5
705|S|34
83|B
441|B
791|U|19|46
699|B
776|S|27
778|F|17|27
794|S|44
237|F|32|44
650|U|39|33
877|P|31|14
870|P|8|11
806|U|18|40
489|P|15|8
21|B
613|S|7
216|F|7|41
486|S|47
77|P|14|39
295|P|41|36
548|P|26|48
443|U|46|22
136|P|32|41
29|B
177|F|30|23
602|U|28|29
260|U|29|50
429|S|2
282|F|2|4
27|B
342|S|22
644|F|31|21
833|B
262|S|16
748|U|25|8
937|S|35
840|B
836|F|33|26
520|U|22|48
579|P|2|40
498|S|38
288|S|45
218|F|26|44
115|F|50|5
553|F|43|44
502|U|30|33
389|U|3|45
426|P|1|40
238|S|39
445|F|17|18
280|B
301|S|20
901|S|32
139|B
881|B
13|P|10|35
176|F|13|7
341|S|26
92|P|40|33
842|F|3|34
354|P|35|24
714|S|12
955|B
150|U|49|24
624|S|4
841|S|12
693|S|39
510|F|38|24
159|P|8|42
138|B
708|U|34|22
996|P|26|32
409|B
463|F|34|43
963|P|29|16
293|B
398|P|50|38
382|P|31|25
777|P|47|40
428|U|46|30
662|B
813|S|21
265|F|22|42
50|F|49|37
116|F|21|35
673|S|15
709|P|34|24
320|S|23
634|P|44|38
48|B
11|P|31|44
864|U|5|27
905|B
168|B
79|F|11|23
81|P|28|39
78|F|3|5
862|P|31|4
436|B
386|U|23|9
771|S|11
633|U|4|19
307|F|41|24
58|P|9|3
556|F|33|45
682|F|14|44
228|P|9|21
759|U|50|27
209|B
357|F|39|11
41|F|10|28
142|F|37|46
872|F|16|45
7|S|44
805|F|5|23
979|F|41|10
690|F|50|20
993|F|48|8
763|F|32|45
640|B
569|F|43|4
59|F|50|22
951|U|24|18
664|U|30|41
204|S|41
183|U|17|21
91|P|18|4
479|B
821|F|24|32
668|P|22|27
814|P|12|34
26|U|37|19
134|S|15
189|F|22|16
582|S|37
614|S|37
533|P|42|23
847|S|21
964|F|44|18
930|B
87|P|41|28
54|F|43|22
839|F|7|17
327|F|1|13
584|U|10|34
383|S|6
929|F|7|8
653|P|19|15
986|U|21|15
608|P|30|13
197|S|1
924|B
606|U|29|30
430|U|36|42
304|S|4
639|P|45|13
360|S|47
10|U|9|26
710|S|6
247|P|24|27
390|U|14|25
612|P|42|6
437|U|7|46
874|F|25|36
182|S|33
727|F|31|48
438|P|19|1
745|U|17|16
789|S|36
867|B
316|S|23
469|B
232|B
461|B
537|U|3|20
291|P|13|8
732|F|47|35
527|F|3|6
835|B
563|F|18|16
975|B
424|P|25|36
343|U|25|4
968|P|8|42
717|F|43|38
99|P|5|18
299|S|39
826|U|28|39
701|U|8|14
140|S|34
726|F|35|37
253|B
630|S|50
711|S|11
392|P|33|29
678|B
657|B
396|S|2
542|F|43|34
31|F|15|4
284|P|17|35
374|B
97|B
310|S|30
506|B
309|F|10|17
24|P|9|46
402|P|18|23
940|U|46|33
220|U|30|35
516|U|31|10
629|U|37|19
403|P|44|26
12|U|21|15
815|F|29|5
689|B
74|B
643|P|28|49
306|U|50|44
543|S|3
865|B
562|P|38|33
950|S|4
492|P|37|19
671|U|42|13
466|U|31|42
457|F|18|49
638|S|29
902|B
807|P|27|11
70|B
948|F|29|30
124|F|5|36
85|B
921|S|5
123|P|12|20
249|B
926|B
754|B
487|U|22|36
475|B
917|U|44|10
734|B
344|P|39|4
447|S|47
755|U|2|24
42|S|23
984|F|24|43
978|B
488|S|8
879|S|11
171|S|22
834|U|40|37
397|S|20
80|F|16|2
598|S|17
413|P|7|2
105|S|37
20|F|33|16
525|S|37
152|B
781|F|42|47
187|F|28|37
17|F|39|7
468|B
858|S|17
827|S|25
713|U|19|43
800|S|49
114|F|20|49
751|P|35|41
900|F|33|12
573|P|28|35
47|U|32|26
229|B
828|B
308|B
37|S|13
303|U|26|40
959|F|23|22
166|P|2|3
501|P|43|24
897|S|40
338|U|28|20
796|F|3|20
387|P|37|12
395|B
363|B
491|P|22|40
412|S|34
616|B
998|S|48
404|S|31
256|U|4|3
885|F|15|8
957|S|38
454|U|16|50
334|B
798|P|34|12
850|U|9|7
259|F|11|6
365|P|24|12
691|S|1
991|U|13|29
920|S|40
86|U|15|45
104|S|47
647|P|44|6
825|B
322|B
913|F|45|34
378|F|22|48
524|S|30
230|S|44
458|B
587|B
831|B
797|B
572|S|11
692|S|28
499|S|10
421|F|22|44
576|B
155|S|36
665|B
949|S|5
